a = 2
cub <- 50